1011100000000010
1110110000001010
1011100000000011
1110110000001011
1011100000000100
1110110000001100
1011100000000011
1110110000110101
1011100000001010
1110110000110011
1110100000110100
1111000000110101
0101100000000000
1000010000001011
1110000000000001
1110110000110100
1111001000110011
0110101000000000
0111101000000000
1111100000000000
1001100000001000
0011101000000000
1110000000000001
1110110000110011
1001011111110001
1110100000001010
1110100000001011
1110100000001100
0000000000000000
0111110000000000
0111111000000000
0011101000000000
0011111000000000
0111111000000000
0110111000000000
0111100000000000
0001110000000000
